164 169 169 160 158 161 160 158 161 179 197 209 212 214 213 215 213 212 210 206 202 199 199 202 204 203 204 203 203 203 200 199 198 197 189 174 162 162 166 170 173 171 158 151 157 168 173
164 171 168 156 154 160 161 163 175 196 207 211 205 204 206 206 205 199 195 192 185 183 184 188 190 190 190 189 189 187 182 175 174 177 181 173 161 159 165 169 172 170 156 149 155 168 173
165 171 169 153 151 160 163 171 186 203 210 206 189 185 187 187 187 178 172 173 178 181 184 187 187 188 188 189 192 190 186 176 177 174 176 169 157 157 165 169 172 170 161 160 162 166 172
165 171 167 152 150 165 172 183 195 203 204 196 176 156 150 157 162 153 147 148 156 160 162 163 164 164 166 170 178 187 192 197 199 193 182 174 161 157 165 169 172 171 168 172 170 164 169
165 169 165 151 153 175 188 192 196 196 189 176 160 135 118 124 127 121 117 119 122 124 124 125 125 126 128 133 143 152 167 182 192 203 193 188 174 164 166 170 172 172 173 178 176 165 169
165 169 165 152 161 186 192 185 180 173 162 144 132 121 103 102 103 101 102 108 112 114 115 115 115 116 118 119 120 122 128 137 152 183 187 193 188 173 167 170 173 175 175 183 184 168 171
166 169 163 152 157 175 175 166 158 141 125 113 109 107 102  99  99  99 101 105 110 112 112 112 113 113 114 116 117 118 117 115 120 137 155 174 180 170 163 169 174 176 178 188 189 171 172
166 171 165 146 128 130 129 125 118 111 108 109 110 110 108 101 101 101 102 104 105 107 108 110 111 111 112 114 115 115 115 114 114 116 124 138 153 157 160 167 173 176 180 192 197 179 173
164 168 162 144 119 107 103 102 102 104 105 108 110 111 111 109 109 106 107 110 112 114 119 127 129 129 125 121 120 119 118 117 115 115 116 123 132 141 151 164 172 176 178 189 200 186 175
155 156 151 137 121 109 104 101 100 101 103 110 117 123 128 129 125 115 113 116 122 125 132 149 157 151 137 127 125 125 126 126 123 121 120 123 124 128 143 160 170 172 176 189 202 192 177
144 145 142 130 118 109 106 102 102 108 117 132 143 149 155 152 136 119 114 121 128 132 148 175 188 173 140 127 127 128 131 135 133 132 130 128 123 121 135 153 164 170 179 194 205 198 180
144 145 140 126 110 104 102 104 118 131 143 153 161 167 171 166 144 121 116 128 140 148 166 190 196 169 132 124 124 126 140 152 151 145 140 134 128 125 137 152 161 169 185 203 208 202 188
157 158 150 131 112 104 104 110 133 156 164 168 175 180 185 180 159 131 122 136 152 163 173 188 181 149 124 119 118 125 152 172 173 167 152 141 135 135 149 161 165 170 186 205 208 205 194
168 171 161 143 131 122 116 120 139 167 180 186 192 201 202 198 176 139 125 143 163 173 181 189 177 144 119 113 112 129 169 189 191 189 173 151 139 146 168 177 174 172 182 200 208 206 197
171 172 163 153 162 153 135 128 142 172 196 203 207 211 214 206 186 147 127 147 170 183 196 200 187 152 122 112 116 143 187 202 200 199 188 164 148 162 187 196 185 176 179 194 208 208 202
172 172 163 158 184 180 158 135 137 165 196 213 218 217 217 211 195 160 132 149 175 188 203 208 197 167 132 120 132 171 203 208 206 202 189 170 159 176 200 206 198 184 179 194 212 212 206
172 172 163 160 191 196 177 155 144 155 184 206 215 217 217 215 205 182 147 146 171 188 205 211 206 189 164 152 179 208 216 211 203 197 185 165 164 185 206 214 206 194 183 196 214 213 207
173 172 163 162 193 201 193 180 169 156 165 191 208 215 216 216 210 196 162 138 157 187 206 215 214 206 202 200 214 222 218 208 196 186 174 160 178 203 212 216 214 203 193 202 217 215 211
173 172 163 163 192 202 201 196 186 171 162 172 192 204 210 214 214 204 178 143 147 180 206 216 215 214 220 225 229 228 215 203 198 193 180 177 193 208 216 218 220 216 205 207 220 217 213
173 172 163 165 189 203 206 203 198 184 172 169 172 180 193 202 208 207 192 166 148 168 200 208 210 212 222 228 229 225 208 200 200 198 194 203 210 216 217 219 221 221 213 212 223 219 214
173 172 163 165 186 203 209 208 204 198 191 180 167 163 173 181 191 197 197 185 164 163 185 192 192 193 205 215 216 211 203 202 202 202 212 219 222 223 222 221 222 222 221 225 224 220 215
174 172 165 165 184 201 209 210 212 207 202 193 180 180 184 184 179 182 193 195 185 178 183 185 186 189 198 206 210 210 210 212 214 215 219 225 225 225 224 222 222 225 227 228 228 221 216
175 172 163 168 187 201 209 213 215 214 208 202 199 202 205 199 188 190 198 204 203 203 203 203 203 206 210 215 216 218 219 220 220 222 224 225 225 225 225 224 224 228 230 230 229 223 219
175 172 163 169 186 201 208 213 216 216 214 212 213 215 216 208 202 206 211 213 215 217 218 219 219 219 220 220 222 224 224 224 225 225 225 225 225 225 226 227 229 230 230 230 230 228 223
175 172 163 167 184 199 205 210 216 217 218 217 218 219 219 217 216 219 220 221 221 221 223 223 223 224 224 224 224 225 225 225 225 226 226 226 226 227 228 229 229 230 230 230 230 229 225
177 173 163 161 180 198 204 208 215 216 218 218 217 218 220 220 220 222 222 222 222 222 222 224 224 224 224 224 224 224 225 227 227 227 226 226 227 228 229 230 230 230 229 229 229 229 228
177 173 162 158 180 198 204 205 209 207 216 218 217 218 220 221 221 222 222 222 222 223 223 223 223 223 224 224 225 226 227 228 228 228 227 227 227 229 230 230 231 230 229 229 229 230 230
