123 131 125 112 113 114 112 110 116 135 156 172 175 177 177 179 178 178 177 176 172 168 168 170 170 170 170 170 170 170 169 166 163 158 145 118 103 105 110 115 120 118 106 100 105 112 116
124 130 125 109 109 113 114 117 133 157 171 174 169 170 173 174 171 164 160 156 147 144 144 148 148 149 149 148 148 147 139 129 128 132 136 120 103 102 109 114 119 116 103  97 104 112 117
124 130 124 105 104 111 117 126 149 168 173 167 147 150 152 154 149 137 129 133 140 144 147 147 147 148 148 149 152 149 138 125 128 123 126 112  97  99 108 114 118 115 105 106 107 111 116
123 129 123 102 103 114 125 140 157 167 166 154 127 115 114 122 122 112 106 112 123 129 129 129 129 129 131 136 148 156 156 156 160 147 135 117 100  98 106 113 116 115 112 120 115 111 116
121 127 120 100 107 125 139 150 158 157 147 132 110  85  78  87  89  83  78  80  84  87  86  85  85  85  88  95 109 122 136 152 162 169 152 137 114 102 106 112 116 117 120 130 125 112 118
120 124 117 102 114 137 144 142 142 133 119  98  86  71  62  64  64  62  62  66  68  68  68  67  67  68  68  70  73  79  90 106 124 154 150 149 133 112 107 112 117 121 122 137 133 115 119
120 122 116 103 116 132 132 126 118  98  84  69  64  62  59  58  58  58  60  64  66  67  67  67  67  67  67  68  68  68  69  71  78 101 120 137 133 113 105 111 118 121 125 142 139 118 120
123 127 119  95  87  92  91  87  80  71  67  66  66  66  64  62  61  61  62  64  66  67  68  71  71  71  71  71  71  70  69  69  69  72  81  93 106 104 104 110 117 123 129 148 149 122 118
122 125 116  92  73  66  65  65  64  66  66  67  68  69  70  72  71  67  70  78  83  85  90  99 102 100  94  89  89  84  81  75  71  69  69  71  82  90  97 108 116 121 127 146 154 130 119
113 113 106  90  74  66  63  62  62  63  66  70  77  84  93  98  92  79  82  93 102 106 115 135 143 133 115 106 105 101  97  91  82  78  73  71  71  76  89 104 113 116 122 143 159 139 121
101 100  95  83  71  66  65  63  66  71  84  98 110 118 126 125 105  84  85  97 106 111 129 161 171 148 113 100 100 101 103 103  98  95  90  84  74  71  82  96 107 114 128 151 167 149 124
 98  98  90  75  66  62  62  67  85 102 116 128 135 141 148 138 109  85  85  98 109 118 143 173 175 137  94  86  86  89 103 112 111 108 106 102  88  81  84  92 102 116 140 165 170 158 135
110 109  95  78  66  61  65  76 109 134 140 143 152 158 163 154 127  93  90 108 123 131 147 166 151 107  79  77  77  86 110 126 127 122 117 112 102  99 100 103 106 118 146 169 170 165 146
123 122 105  88  79  73  73  83 114 146 160 163 173 182 183 177 147  99  92 114 132 142 151 157 134  93  71  71  71  86 121 140 143 142 133 120 106 112 128 130 119 116 138 163 170 167 151
127 126 108  98 105  97  84  83 107 146 175 186 191 196 196 188 156 104  91 119 143 154 159 156 131  94  71  67  69  93 131 153 159 159 148 124 106 127 154 157 136 117 125 154 174 172 158
128 126 107 107 129 124 100  85  97 136 178 197 200 200 199 192 166 119  93 124 152 163 164 159 139 105  77  71  79 109 142 161 167 166 153 125 115 140 173 177 155 127 121 153 179 176 163
128 125 106 109 141 143 121  98  93 121 168 193 200 200 201 196 183 147 104 122 152 166 164 161 152 128  99  90 113 140 153 162 172 173 152 122 121 152 182 188 175 143 125 155 181 176 166
127 124 106 110 147 153 144 129 110 105 135 172 191 196 199 199 191 166 120 104 133 162 167 167 166 154 141 135 150 159 161 167 185 183 144 114 142 173 185 187 181 157 136 161 183 177 170
126 123 107 114 152 163 158 146 126 106 107 135 169 182 192 196 195 181 142 103 116 158 173 175 174 172 171 171 176 175 173 178 189 184 145 131 153 173 180 180 183 174 153 168 185 179 172
125 121 107 116 151 165 165 158 144 123 109 111 127 147 169 182 190 186 162 125 108 140 168 173 172 172 175 179 178 174 167 173 177 169 152 157 168 174 177 179 184 182 169 173 186 180 172
126 121 107 116 147 163 168 165 158 148 137 125 103 109 128 148 164 171 171 149 118 122 147 151 149 148 156 164 164 155 148 154 159 158 169 177 181 182 181 180 183 186 182 188 188 180 172
127 122 107 117 145 162 168 169 169 165 157 138 112 114 118 122 122 136 153 152 131 120 124 124 123 127 138 149 154 154 156 163 167 171 179 185 186 185 184 180 182 187 191 196 193 184 175
127 121 108 119 146 161 169 171 172 169 163 149 142 147 146 135 120 128 144 149 146 144 145 146 147 150 157 166 169 172 174 176 178 181 185 187 188 188 186 185 186 193 195 195 193 188 180
127 121 107 120 146 161 168 171 172 172 169 163 165 165 162 150 142 149 158 162 164 166 168 169 170 171 174 176 177 179 180 182 183 184 186 187 189 190 190 190 193 194 195 195 194 190 184
128 120 106 118 142 158 165 171 175 173 172 171 172 171 168 164 162 166 169 170 171 173 175 176 176 177 179 180 180 181 183 184 184 186 188 189 190 191 193 193 194 195 195 195 195 193 188
129 120 103 109 136 156 163 169 175 175 175 175 173 172 171 172 172 173 173 174 175 177 177 177 178 179 180 182 182 182 184 185 186 188 189 189 191 192 193 193 194 195 195 195 195 195 191
129 119  98 103 133 155 163 167 172 172 175 175 175 175 175 176 175 175 176 177 178 178 180 180 181 181 181 183 184 186 186 187 189 189 189 191 191 192 193 195 195 195 196 196 196 198 196
