 71  74  69  65  67  67  65  65  75  98 127 147 151 153 156 158 156 154 152 148 142 137 138 144 145 146 145 144 144 144 141 139 137 128 108  75  60  63  66  64  64  63  60  59  63  67  67
 71  74  68  62  65  66  67  73  98 125 144 149 144 147 149 151 147 136 134 125 114 111 113 119 120 120 120 120 120 117 110 105 106 107 101  76  60  61  64  64  64  63  58  58  61  67  69
 71  74  67  58  61  66  70  88 120 141 148 142 124 129 131 131 125 107  99 100 106 108 114 115 117 117 117 119 120 113  97  86  92  90  88  69  56  59  64  64  64  63  60  61  63  67  69
 70  74  66  57  63  73  85 108 129 142 139 127  97  94  95 101  96  84  78  87  99 105 108 111 111 111 111 116 127 131 125 123 124 109  95  73  56  58  64  64  64  63  69  74  69  67  69
 70  72  66  59  70  91 109 125 132 131 121 104  79  60  59  70  70  62  57  59  65  67  68  69  69  68  71  78  94 108 118 129 134 132 115  95  69  61  66  66  64  64  74  87  78  67  69
 68  70  66  63  85 109 117 117 117 109  92  72  59  46  40  45  45  41  41  42  45  45  45  45  45  45  47  49  54  63  75  90 105 126 121 114  90  69  67  66  66  67  75  96  88  69  69
 68  68  65  66  91 108 107  98  92  78  62  46  42  39  37  38  38  38  38  40  42  43  43  43  43  44  44  44  44  45  47  51  61  86  96 108  95  71  63  64  66  67  77 103  95  72  69
 70  71  66  58  63  69  67  64  57  48  43  43  42  41  40  40  39  39  39  40  43  43  45  46  46  47  45  45  44  43  42  41  42  48  56  69  75  67  64  64  67  69  84 112 107  75  69
 70  71  65  53  45  42  41  41  42  42  43  44  45  46  49  53  50  47  53  64  71  73  75  80  81  79  73  69  67  61  56  51  43  42  42  46  54  59  61  64  67  71  84 112 117  82  69
 66  66  61  52  45  40  39  39  39  41  44  49  53  61  74  83  76  64  75  96 109 113 115 126 132 122 107 102 101  94  87  77  61  58  51  46  45  48  56  63  67  69  79 109 122  92  69
 59  58  55  49  44  41  40  40  44  51  68  82  90  98 111 113  97  80  93 114 127 131 143 166 173 147 116 107 108 108 111 107  96  90  81  67  50  46  50  58  64  71  86 114 129 106  72
 56  55  50  44  40  38  39  48  69  86 106 116 123 127 130 125 106  92 108 131 144 149 166 185 183 147 107  97  99 105 123 129 125 119 113  99  72  60  54  54  63  76 101 128 133 115  82
 59  57  51  44  39  37  42  63 105 126 130 130 139 141 142 134 115 101 118 145 163 170 173 183 169 125  93  89  88 103 133 145 145 135 131 121 102  92  74  63  66  81 110 133 133 125  93
 66  64  57  50  46  44  50  71 112 142 147 147 161 164 160 151 129 109 125 156 174 180 180 178 154 109  82  76  76 105 148 164 166 162 151 133 116 116 104  89  74  76 103 128 131 126  99
 67  67  61  61  66  59  55  66  99 140 162 169 175 177 172 162 136 113 129 166 185 192 187 177 148 101  69  61  67 109 159 176 179 177 167 144 128 137 131 117  89  69  84 115 134 129 111
 68  67  64  73  91  83  65  60  83 127 165 180 182 180 177 167 145 121 134 170 193 200 192 182 154 105  63  54  76 123 168 182 186 180 169 150 147 155 152 141 111  74  71 112 141 134 120
 68  67  65  80 108 106  86  69  73 109 157 178 182 182 178 172 157 137 138 170 194 201 192 187 171 133  88  77 119 156 177 186 187 182 168 152 152 162 166 161 138  91  71 116 145 135 123
 68  67  65  83 114 121 111  95  81  84 127 165 177 179 178 174 167 148 135 149 178 198 193 192 185 166 132 124 149 167 178 184 193 180 159 147 157 167 167 164 151 109  82 121 147 136 128
 68  67  66  89 124 131 125 109  90  73  86 123 156 165 175 177 174 163 142 129 151 181 192 193 189 173 146 136 142 152 169 182 194 181 160 149 152 152 151 148 149 130 101 131 149 140 130
 68  67  66  90 125 134 132 122 105  85  78  89 110 132 155 169 173 171 153 131 131 163 183 187 184 167 142 132 133 139 153 174 179 167 153 149 148 146 142 145 151 145 121 134 152 142 130
 68  67  66  86 121 135 136 129 121 109 102  91  76  92 115 135 150 163 163 147 128 142 159 160 156 141 124 121 120 120 128 148 150 145 148 148 148 147 144 145 151 152 143 152 155 141 130
 68  67  66  84 117 134 137 134 133 127 119  99  77  82  90  98 105 128 147 143 124 117 114 112 109 103 104 109 112 114 124 137 140 143 147 148 150 149 148 145 151 156 160 167 160 146 134
 68  67  66  85 116 132 138 139 140 134 123 106 100 106 104  92  80  96 119 123 118 112 104 104 105 109 118 129 129 132 134 139 140 146 148 151 152 154 153 152 153 163 167 165 162 149 139
 68  67  67  87 116 131 138 141 142 138 128 122 123 125 120 107 100 113 124 127 128 128 128 128 129 132 138 139 142 145 146 148 148 150 152 152 154 156 158 158 162 165 165 165 163 155 149
 68  66  66  85 112 128 135 141 144 142 135 132 133 131 128 122 123 128 134 134 135 137 137 137 137 142 147 147 148 148 148 149 149 151 153 154 154 156 160 162 163 165 165 165 165 160 152
 68  66  61  77 108 127 132 142 147 145 141 139 139 137 135 134 135 136 138 139 140 140 142 142 143 146 148 148 149 149 150 150 150 153 154 156 157 157 160 161 163 163 163 163 163 163 155
 68  67  57  70 104 126 132 140 143 143 143 142 142 142 142 142 141 143 143 143 144 145 147 147 148 149 149 149 150 150 151 152 152 154 156 157 157 159 159 160 162 163 162 162 162 163 160
